O         325
         -1.50250000          3.51750000         -0.92988000
O_s         326
         -1.50250000          3.51750000         -0.92988000
O         327
         -1.50250000          8.20750000         -0.92988000
O_s         328
         -1.50250000          8.20750000         -0.92988000
O         329
         -1.50250000         12.89750000         -0.92988000
O_s         330
         -1.50250000         12.89750000         -0.92988000
O         331
         -7.51250000          3.51750000         -0.92988000
O_s         332
         -7.51250000          3.51750000         -0.92988000
O         333
         -7.51250000          8.20750000         -0.92988000
O_s         334
         -7.51250000          8.20750000         -0.92988000
O         335
         -7.51250000         12.89750000         -0.92988000
O_s         336
         -7.51250000         12.89750000         -0.92988000
O         337
        -13.52250000          3.51750000         -0.92988000
O_s         338
        -13.52250000          3.51750000         -0.92988000
O         339
        -13.52250000          8.20750000         -0.92988000
O_s         340
        -13.52250000          8.20750000         -0.92988000
O         341
        -13.52250000         12.89750000         -0.92988000
O_s         342
        -13.52250000         12.89750000         -0.92988000
O         343
         -1.50250000          3.51750000        -11.26188000
O_s         344
         -1.50250000          3.51750000        -11.26188000
O         345
         -1.50250000          8.20750000        -11.26188000
O_s         346
         -1.50250000          8.20750000        -11.26188000
O         347
         -1.50250000         12.89750000        -11.26188000
O_s         348
         -1.50250000         12.89750000        -11.26188000
O         349
         -7.51250000          3.51750000        -11.26188000
O_s         350
         -7.51250000          3.51750000        -11.26188000
O         351
         -7.51250000          8.20750000        -11.26188000
O_s         352
         -7.51250000          8.20750000        -11.26188000
O         353
         -7.51250000         12.89750000        -11.26188000
O_s         354
         -7.51250000         12.89750000        -11.26188000
O         355
        -13.52250000          3.51750000        -11.26188000
O_s         356
        -13.52250000          3.51750000        -11.26188000
O         357
        -13.52250000          8.20750000        -11.26188000
O_s         358
        -13.52250000          8.20750000        -11.26188000
O         359
        -13.52250000         12.89750000        -11.26188000
O_s         360
        -13.52250000         12.89750000        -11.26188000
O         361
         -1.50250000          3.51750000        -21.59388000
O_s         362
         -1.50250000          3.51750000        -21.59388000
O         363
         -1.50250000          8.20750000        -21.59388000
O_s         364
         -1.50250000          8.20750000        -21.59388000
O         365
         -1.50250000         12.89750000        -21.59388000
O_s         366
         -1.50250000         12.89750000        -21.59388000
O         367
         -7.51250000          3.51750000        -21.59388000
O_s         368
         -7.51250000          3.51750000        -21.59388000
O         369
         -7.51250000          8.20750000        -21.59388000
O_s         370
         -7.51250000          8.20750000        -21.59388000
O         371
         -7.51250000         12.89750000        -21.59388000
O_s         372
         -7.51250000         12.89750000        -21.59388000
O         373
        -13.52250000          3.51750000        -21.59388000
O_s         374
        -13.52250000          3.51750000        -21.59388000
O         375
        -13.52250000          8.20750000        -21.59388000
O_s         376
        -13.52250000          8.20750000        -21.59388000
O         377
        -13.52250000         12.89750000        -21.59388000
O_s         378
        -13.52250000         12.89750000        -21.59388000
O         379
         -4.50750000          1.17250000         -4.23612000
O_s         380
         -4.50750000          1.17250000         -4.23612000
O         381
         -4.50750000          5.86250000         -4.23612000
O_s         382
         -4.50750000          5.86250000         -4.23612000
O         383
         -4.50750000         10.55250000         -4.23612000
O_s         384
         -4.50750000         10.55250000         -4.23612000
O         385
        -10.51750000          1.17250000         -4.23612000
O_s         386
        -10.51750000          1.17250000         -4.23612000
O         387
        -10.51750000          5.86250000         -4.23612000
O_s         388
        -10.51750000          5.86250000         -4.23612000
O         389
        -10.51750000         10.55250000         -4.23612000
O_s         390
        -10.51750000         10.55250000         -4.23612000
O         391
        -16.52750000          1.17250000         -4.23612000
O_s         392
        -16.52750000          1.17250000         -4.23612000
O         393
        -16.52750000          5.86250000         -4.23612000
O_s         394
        -16.52750000          5.86250000         -4.23612000
O         395
        -16.52750000         10.55250000         -4.23612000
O_s         396
        -16.52750000         10.55250000         -4.23612000
O         397
         -4.50750000          1.17250000        -14.56812000
O_s         398
         -4.50750000          1.17250000        -14.56812000
O         399
         -4.50750000          5.86250000        -14.56812000
O_s         400
         -4.50750000          5.86250000        -14.56812000
O         401
         -4.50750000         10.55250000        -14.56812000
O_s         402
         -4.50750000         10.55250000        -14.56812000
O         403
        -10.51750000          1.17250000        -14.56812000
O_s         404
        -10.51750000          1.17250000        -14.56812000
O         405
        -10.51750000          5.86250000        -14.56812000
O_s         406
        -10.51750000          5.86250000        -14.56812000
O         407
        -10.51750000         10.55250000        -14.56812000
O_s         408
        -10.51750000         10.55250000        -14.56812000
O         409
        -16.52750000          1.17250000        -14.56812000
O_s         410
        -16.52750000          1.17250000        -14.56812000
O         411
        -16.52750000          5.86250000        -14.56812000
O_s         412
        -16.52750000          5.86250000        -14.56812000
O         413
        -16.52750000         10.55250000        -14.56812000
O_s         414
        -16.52750000         10.55250000        -14.56812000
O         415
         -4.50750000          1.17250000        -24.90012000
O_s         416
         -4.50750000          1.17250000        -24.90012000
O         417
         -4.50750000          5.86250000        -24.90012000
O_s         418
         -4.50750000          5.86250000        -24.90012000
O         419
         -4.50750000         10.55250000        -24.90012000
O_s         420
         -4.50750000         10.55250000        -24.90012000
O         421
        -10.51750000          1.17250000        -24.90012000
O_s         422
        -10.51750000          1.17250000        -24.90012000
O         423
        -10.51750000          5.86250000        -24.90012000
O_s         424
        -10.51750000          5.86250000        -24.90012000
O         425
        -10.51750000         10.55250000        -24.90012000
O_s         426
        -10.51750000         10.55250000        -24.90012000
O         427
        -16.52750000          1.17250000        -24.90012000
O_s         428
        -16.52750000          1.17250000        -24.90012000
O         429
        -16.52750000          5.86250000        -24.90012000
O_s         430
        -16.52750000          5.86250000        -24.90012000
O         431
        -16.52750000         10.55250000        -24.90012000
O_s         432
        -16.52750000         10.55250000        -24.90012000
O         433
         -4.50750000          1.17250000         -9.40212000
O_s         434
         -4.50750000          1.17250000         -9.40212000
O         435
         -4.50750000          5.86250000         -9.40212000
O_s         436
         -4.50750000          5.86250000         -9.40212000
O         437
         -4.50750000         10.55250000         -9.40212000
O_s         438
         -4.50750000         10.55250000         -9.40212000
O         439
        -10.51750000          1.17250000         -9.40212000
O_s         440
        -10.51750000          1.17250000         -9.40212000
O         441
        -10.51750000          5.86250000         -9.40212000
O_s         442
        -10.51750000          5.86250000         -9.40212000
O         443
        -10.51750000         10.55250000         -9.40212000
O_s         444
        -10.51750000         10.55250000         -9.40212000
O         445
        -16.52750000          1.17250000         -9.40212000
O_s         446
        -16.52750000          1.17250000         -9.40212000
O         447
        -16.52750000          5.86250000         -9.40212000
O_s         448
        -16.52750000          5.86250000         -9.40212000
O         449
        -16.52750000         10.55250000         -9.40212000
O_s         450
        -16.52750000         10.55250000         -9.40212000
O         451
         -4.50750000          1.17250000        -19.73412000
O_s         452
         -4.50750000          1.17250000        -19.73412000
O         453
         -4.50750000          5.86250000        -19.73412000
O_s         454
         -4.50750000          5.86250000        -19.73412000
O         455
         -4.50750000         10.55250000        -19.73412000
O_s         456
         -4.50750000         10.55250000        -19.73412000
O         457
        -10.51750000          1.17250000        -19.73412000
O_s         458
        -10.51750000          1.17250000        -19.73412000
O         459
        -10.51750000          5.86250000        -19.73412000
O_s         460
        -10.51750000          5.86250000        -19.73412000
O         461
        -10.51750000         10.55250000        -19.73412000
O_s         462
        -10.51750000         10.55250000        -19.73412000
O         463
        -16.52750000          1.17250000        -19.73412000
O_s         464
        -16.52750000          1.17250000        -19.73412000
O         465
        -16.52750000          5.86250000        -19.73412000
O_s         466
        -16.52750000          5.86250000        -19.73412000
O         467
        -16.52750000         10.55250000        -19.73412000
O_s         468
        -16.52750000         10.55250000        -19.73412000
O         469
         -4.50750000          1.17250000        -30.06612000
O_s         470
         -4.50750000          1.17250000        -30.06612000
O         471
         -4.50750000          5.86250000        -30.06612000
O_s         472
         -4.50750000          5.86250000        -30.06612000
O         473
         -4.50750000         10.55250000        -30.06612000
O_s         474
         -4.50750000         10.55250000        -30.06612000
O         475
        -10.51750000          1.17250000        -30.06612000
O_s         476
        -10.51750000          1.17250000        -30.06612000
O         477
        -10.51750000          5.86250000        -30.06612000
O_s         478
        -10.51750000          5.86250000        -30.06612000
O         479
        -10.51750000         10.55250000        -30.06612000
O_s         480
        -10.51750000         10.55250000        -30.06612000
O         481
        -16.52750000          1.17250000        -30.06612000
O_s         482
        -16.52750000          1.17250000        -30.06612000
O         483
        -16.52750000          5.86250000        -30.06612000
O_s         484
        -16.52750000          5.86250000        -30.06612000
O         485
        -16.52750000         10.55250000        -30.06612000
O_s         486
        -16.52750000         10.55250000        -30.06612000
O         487
         -1.50250000          3.51750000         -6.09588000
O_s         488
         -1.50250000          3.51750000         -6.09588000
O         489
         -1.50250000          8.20750000         -6.09588000
O_s         490
         -1.50250000          8.20750000         -6.09588000
O         491
         -1.50250000         12.89750000         -6.09588000
O_s         492
         -1.50250000         12.89750000         -6.09588000
O         493
         -7.51250000          3.51750000         -6.09588000
O_s         494
         -7.51250000          3.51750000         -6.09588000
O         495
         -7.51250000          8.20750000         -6.09588000
O_s         496
         -7.51250000          8.20750000         -6.09588000
O         497
         -7.51250000         12.89750000         -6.09588000
O_s         498
         -7.51250000         12.89750000         -6.09588000
O         499
        -13.52250000          3.51750000         -6.09588000
O_s         500
        -13.52250000          3.51750000         -6.09588000
O         501
        -13.52250000          8.20750000         -6.09588000
O_s         502
        -13.52250000          8.20750000         -6.09588000
O         503
        -13.52250000         12.89750000         -6.09588000
O_s         504
        -13.52250000         12.89750000         -6.09588000
O         505
         -1.50250000          3.51750000        -16.42788000
O_s         506
         -1.50250000          3.51750000        -16.42788000
O         507
         -1.50250000          8.20750000        -16.42788000
O_s         508
         -1.50250000          8.20750000        -16.42788000
O         509
         -1.50250000         12.89750000        -16.42788000
O_s         510
         -1.50250000         12.89750000        -16.42788000
O         511
         -7.51250000          3.51750000        -16.42788000
O_s         512
         -7.51250000          3.51750000        -16.42788000
O         513
         -7.51250000          8.20750000        -16.42788000
O_s         514
         -7.51250000          8.20750000        -16.42788000
O         515
         -7.51250000         12.89750000        -16.42788000
O_s         516
         -7.51250000         12.89750000        -16.42788000
O         517
        -13.52250000          3.51750000        -16.42788000
O_s         518
        -13.52250000          3.51750000        -16.42788000
O         519
        -13.52250000          8.20750000        -16.42788000
O_s         520
        -13.52250000          8.20750000        -16.42788000
O         521
        -13.52250000         12.89750000        -16.42788000
O_s         522
        -13.52250000         12.89750000        -16.42788000
O         523
         -1.50250000          3.51750000        -26.75988000
O_s         524
         -1.50250000          3.51750000        -26.75988000
O         525
         -1.50250000          8.20750000        -26.75988000
O_s         526
         -1.50250000          8.20750000        -26.75988000
O         527
         -1.50250000         12.89750000        -26.75988000
O_s         528
         -1.50250000         12.89750000        -26.75988000
O         529
         -7.51250000          3.51750000        -26.75988000
O_s         530
         -7.51250000          3.51750000        -26.75988000
O         531
         -7.51250000          8.20750000        -26.75988000
O_s         532
         -7.51250000          8.20750000        -26.75988000
O         533
         -7.51250000         12.89750000        -26.75988000
O_s         534
         -7.51250000         12.89750000        -26.75988000
O         535
        -13.52250000          3.51750000        -26.75988000
O_s         536
        -13.52250000          3.51750000        -26.75988000
O         537
        -13.52250000          8.20750000        -26.75988000
O_s         538
        -13.52250000          8.20750000        -26.75988000
O         539
        -13.52250000         12.89750000        -26.75988000
O_s         540
        -13.52250000         12.89750000        -26.75988000
O         541
         -1.50250000          0.89110000         -4.64940000
O_s         542
         -1.50250000          0.89110000         -4.64940000
O         543
         -1.50250000          5.58110000         -4.64940000
O_s         544
         -1.50250000          5.58110000         -4.64940000
O         545
         -1.50250000         10.27110000         -4.64940000
O_s         546
         -1.50250000         10.27110000         -4.64940000
O         547
         -7.51250000          0.89110000         -4.64940000
O_s         548
         -7.51250000          0.89110000         -4.64940000
O         549
         -7.51250000          5.58110000         -4.64940000
O_s         550
         -7.51250000          5.58110000         -4.64940000
O         551
         -7.51250000         10.27110000         -4.64940000
O_s         552
         -7.51250000         10.27110000         -4.64940000
O         553
        -13.52250000          0.89110000         -4.64940000
O_s         554
        -13.52250000          0.89110000         -4.64940000
O         555
        -13.52250000          5.58110000         -4.64940000
O_s         556
        -13.52250000          5.58110000         -4.64940000
O         557
        -13.52250000         10.27110000         -4.64940000
O_s         558
        -13.52250000         10.27110000         -4.64940000
O         559
         -1.50250000          0.89110000        -14.98140000
O_s         560
         -1.50250000          0.89110000        -14.98140000
O         561
         -1.50250000          5.58110000        -14.98140000
O_s         562
         -1.50250000          5.58110000        -14.98140000
O         563
         -1.50250000         10.27110000        -14.98140000
O_s         564
         -1.50250000         10.27110000        -14.98140000
O         565
         -7.51250000          0.89110000        -14.98140000
O_s         566
         -7.51250000          0.89110000        -14.98140000
O         567
         -7.51250000          5.58110000        -14.98140000
O_s         568
         -7.51250000          5.58110000        -14.98140000
O         569
         -7.51250000         10.27110000        -14.98140000
O_s         570
         -7.51250000         10.27110000        -14.98140000
O         571
        -13.52250000          0.89110000        -14.98140000
O_s         572
        -13.52250000          0.89110000        -14.98140000
O         573
        -13.52250000          5.58110000        -14.98140000
O_s         574
        -13.52250000          5.58110000        -14.98140000
O         575
        -13.52250000         10.27110000        -14.98140000
O_s         576
        -13.52250000         10.27110000        -14.98140000
O         577
         -1.50250000          0.89110000        -25.31340000
O_s         578
         -1.50250000          0.89110000        -25.31340000
O         579
         -1.50250000          5.58110000        -25.31340000
O_s         580
         -1.50250000          5.58110000        -25.31340000
O         581
         -1.50250000         10.27110000        -25.31340000
O_s         582
         -1.50250000         10.27110000        -25.31340000
O         583
         -7.51250000          0.89110000        -25.31340000
O_s         584
         -7.51250000          0.89110000        -25.31340000
O         585
         -7.51250000          5.58110000        -25.31340000
O_s         586
         -7.51250000          5.58110000        -25.31340000
O         587
         -7.51250000         10.27110000        -25.31340000
O_s         588
         -7.51250000         10.27110000        -25.31340000
O         589
        -13.52250000          0.89110000        -25.31340000
O_s         590
        -13.52250000          0.89110000        -25.31340000
O         591
        -13.52250000          5.58110000        -25.31340000
O_s         592
        -13.52250000          5.58110000        -25.31340000
O         593
        -13.52250000         10.27110000        -25.31340000
O_s         594
        -13.52250000         10.27110000        -25.31340000
O         595
         -4.50750000          3.23610000         -0.51660000
O_s         596
         -4.50750000          3.23610000         -0.51660000
O         597
         -4.50750000          7.92610000         -0.51660000
O_s         598
         -4.50750000          7.92610000         -0.51660000
O         599
         -4.50750000         12.61610000         -0.51660000
O_s         600
         -4.50750000         12.61610000         -0.51660000
O         601
        -10.51750000          3.23610000         -0.51660000
O_s         602
        -10.51750000          3.23610000         -0.51660000
O         603
        -10.51750000          7.92610000         -0.51660000
O_s         604
        -10.51750000          7.92610000         -0.51660000
O         605
        -10.51750000         12.61610000         -0.51660000
O_s         606
        -10.51750000         12.61610000         -0.51660000
O         607
        -16.52750000          3.23610000         -0.51660000
O_s         608
        -16.52750000          3.23610000         -0.51660000
O         609
        -16.52750000          7.92610000         -0.51660000
O_s         610
        -16.52750000          7.92610000         -0.51660000
O         611
        -16.52750000         12.61610000         -0.51660000
O_s         612
        -16.52750000         12.61610000         -0.51660000
O         613
         -4.50750000          3.23610000        -10.84860000
O_s         614
         -4.50750000          3.23610000        -10.84860000
O         615
         -4.50750000          7.92610000        -10.84860000
O_s         616
         -4.50750000          7.92610000        -10.84860000
O         617
         -4.50750000         12.61610000        -10.84860000
O_s         618
         -4.50750000         12.61610000        -10.84860000
O         619
        -10.51750000          3.23610000        -10.84860000
O_s         620
        -10.51750000          3.23610000        -10.84860000
O         621
        -10.51750000          7.92610000        -10.84860000
O_s         622
        -10.51750000          7.92610000        -10.84860000
O         623
        -10.51750000         12.61610000        -10.84860000
O_s         624
        -10.51750000         12.61610000        -10.84860000
O         625
        -16.52750000          3.23610000        -10.84860000
O_s         626
        -16.52750000          3.23610000        -10.84860000
O         627
        -16.52750000          7.92610000        -10.84860000
O_s         628
        -16.52750000          7.92610000        -10.84860000
O         629
        -16.52750000         12.61610000        -10.84860000
O_s         630
        -16.52750000         12.61610000        -10.84860000
O         631
         -4.50750000          3.23610000        -21.18060000
O_s         632
         -4.50750000          3.23610000        -21.18060000
O         633
         -4.50750000          7.92610000        -21.18060000
O_s         634
         -4.50750000          7.92610000        -21.18060000
O         635
         -4.50750000         12.61610000        -21.18060000
O_s         636
         -4.50750000         12.61610000        -21.18060000
O         637
        -10.51750000          3.23610000        -21.18060000
O_s         638
        -10.51750000          3.23610000        -21.18060000
O         639
        -10.51750000          7.92610000        -21.18060000
O_s         640
        -10.51750000          7.92610000        -21.18060000
O         641
        -10.51750000         12.61610000        -21.18060000
O_s         642
        -10.51750000         12.61610000        -21.18060000
O         643
        -16.52750000          3.23610000        -21.18060000
O_s         644
        -16.52750000          3.23610000        -21.18060000
O         645
        -16.52750000          7.92610000        -21.18060000
O_s         646
        -16.52750000          7.92610000        -21.18060000
O         647
        -16.52750000         12.61610000        -21.18060000
O_s         648
        -16.52750000         12.61610000        -21.18060000
O         649
         -4.50750000          3.79890000         -5.68260000
O_s         650
         -4.50750000          3.79890000         -5.68260000
O         651
         -4.50750000          8.48890000         -5.68260000
O_s         652
         -4.50750000          8.48890000         -5.68260000
O         653
         -4.50750000         13.17890000         -5.68260000
O_s         654
         -4.50750000         13.17890000         -5.68260000
O         655
        -10.51750000          3.79890000         -5.68260000
O_s         656
        -10.51750000          3.79890000         -5.68260000
O         657
        -10.51750000          8.48890000         -5.68260000
O_s         658
        -10.51750000          8.48890000         -5.68260000
O         659
        -10.51750000         13.17890000         -5.68260000
O_s         660
        -10.51750000         13.17890000         -5.68260000
O         661
        -16.52750000          3.79890000         -5.68260000
O_s         662
        -16.52750000          3.79890000         -5.68260000
O         663
        -16.52750000          8.48890000         -5.68260000
O_s         664
        -16.52750000          8.48890000         -5.68260000
O         665
        -16.52750000         13.17890000         -5.68260000
O_s         666
        -16.52750000         13.17890000         -5.68260000
O         667
         -4.50750000          3.79890000        -16.01460000
O_s         668
         -4.50750000          3.79890000        -16.01460000
O         669
         -4.50750000          8.48890000        -16.01460000
O_s         670
         -4.50750000          8.48890000        -16.01460000
O         671
         -4.50750000         13.17890000        -16.01460000
O_s         672
         -4.50750000         13.17890000        -16.01460000
O         673
        -10.51750000          3.79890000        -16.01460000
O_s         674
        -10.51750000          3.79890000        -16.01460000
O         675
        -10.51750000          8.48890000        -16.01460000
O_s         676
        -10.51750000          8.48890000        -16.01460000
O         677
        -10.51750000         13.17890000        -16.01460000
O_s         678
        -10.51750000         13.17890000        -16.01460000
O         679
        -16.52750000          3.79890000        -16.01460000
O_s         680
        -16.52750000          3.79890000        -16.01460000
O         681
        -16.52750000          8.48890000        -16.01460000
O_s         682
        -16.52750000          8.48890000        -16.01460000
O         683
        -16.52750000         13.17890000        -16.01460000
O_s         684
        -16.52750000         13.17890000        -16.01460000
O         685
         -4.50750000          3.79890000        -26.34660000
O_s         686
         -4.50750000          3.79890000        -26.34660000
O         687
         -4.50750000          8.48890000        -26.34660000
O_s         688
         -4.50750000          8.48890000        -26.34660000
O         689
         -4.50750000         13.17890000        -26.34660000
O_s         690
         -4.50750000         13.17890000        -26.34660000
O         691
        -10.51750000          3.79890000        -26.34660000
O_s         692
        -10.51750000          3.79890000        -26.34660000
O         693
        -10.51750000          8.48890000        -26.34660000
O_s         694
        -10.51750000          8.48890000        -26.34660000
O         695
        -10.51750000         13.17890000        -26.34660000
O_s         696
        -10.51750000         13.17890000        -26.34660000
O         697
        -16.52750000          3.79890000        -26.34660000
O_s         698
        -16.52750000          3.79890000        -26.34660000
O         699
        -16.52750000          8.48890000        -26.34660000
O_s         700
        -16.52750000          8.48890000        -26.34660000
O         701
        -16.52750000         13.17890000        -26.34660000
O_s         702
        -16.52750000         13.17890000        -26.34660000
O         703
         -1.50250000          1.45390000         -9.81540000
O_s         704
         -1.50250000          1.45390000         -9.81540000
O         705
         -1.50250000          6.14390000         -9.81540000
O_s         706
         -1.50250000          6.14390000         -9.81540000
O         707
         -1.50250000         10.83390000         -9.81540000
O_s         708
         -1.50250000         10.83390000         -9.81540000
O         709
         -7.51250000          1.45390000         -9.81540000
O_s         710
         -7.51250000          1.45390000         -9.81540000
O         711
         -7.51250000          6.14390000         -9.81540000
O_s         712
         -7.51250000          6.14390000         -9.81540000
O         713
         -7.51250000         10.83390000         -9.81540000
O_s         714
         -7.51250000         10.83390000         -9.81540000
O         715
        -13.52250000          1.45390000         -9.81540000
O_s         716
        -13.52250000          1.45390000         -9.81540000
O         717
        -13.52250000          6.14390000         -9.81540000
O_s         718
        -13.52250000          6.14390000         -9.81540000
O         719
        -13.52250000         10.83390000         -9.81540000
O_s         720
        -13.52250000         10.83390000         -9.81540000
O         721
         -1.50250000          1.45390000        -20.14740000
O_s         722
         -1.50250000          1.45390000        -20.14740000
O         723
         -1.50250000          6.14390000        -20.14740000
O_s         724
         -1.50250000          6.14390000        -20.14740000
O         725
         -1.50250000         10.83390000        -20.14740000
O_s         726
         -1.50250000         10.83390000        -20.14740000
O         727
         -7.51250000          1.45390000        -20.14740000
O_s         728
         -7.51250000          1.45390000        -20.14740000
O         729
         -7.51250000          6.14390000        -20.14740000
O_s         730
         -7.51250000          6.14390000        -20.14740000
O         731
         -7.51250000         10.83390000        -20.14740000
O_s         732
         -7.51250000         10.83390000        -20.14740000
O         733
        -13.52250000          1.45390000        -20.14740000
O_s         734
        -13.52250000          1.45390000        -20.14740000
O         735
        -13.52250000          6.14390000        -20.14740000
O_s         736
        -13.52250000          6.14390000        -20.14740000
O         737
        -13.52250000         10.83390000        -20.14740000
O_s         738
        -13.52250000         10.83390000        -20.14740000
O         739
         -1.50250000          1.45390000        -30.47940000
O_s         740
         -1.50250000          1.45390000        -30.47940000
O         741
         -1.50250000          6.14390000        -30.47940000
O_s         742
         -1.50250000          6.14390000        -30.47940000
O         743
         -1.50250000         10.83390000        -30.47940000
O_s         744
         -1.50250000         10.83390000        -30.47940000
O         745
         -7.51250000          1.45390000        -30.47940000
O_s         746
         -7.51250000          1.45390000        -30.47940000
O         747
         -7.51250000          6.14390000        -30.47940000
O_s         748
         -7.51250000          6.14390000        -30.47940000
O         749
         -7.51250000         10.83390000        -30.47940000
O_s         750
         -7.51250000         10.83390000        -30.47940000
O         751
        -13.52250000          1.45390000        -30.47940000
O_s         752
        -13.52250000          1.45390000        -30.47940000
O         753
        -13.52250000          6.14390000        -30.47940000
O_s         754
        -13.52250000          6.14390000        -30.47940000
O         755
        -13.52250000         10.83390000        -30.47940000
O_s         756
        -13.52250000         10.83390000        -30.47940000
O         757
         -0.30050000          1.40700000         -1.75644000
O_s         758
         -0.30050000          1.40700000         -1.75644000
O         759
         -0.30050000          6.09700000         -1.75644000
O_s         760
         -0.30050000          6.09700000         -1.75644000
O         761
         -0.30050000         10.78700000         -1.75644000
O_s         762
         -0.30050000         10.78700000         -1.75644000
O         763
         -6.31050000          1.40700000         -1.75644000
O_s         764
         -6.31050000          1.40700000         -1.75644000
O         765
         -6.31050000          6.09700000         -1.75644000
O_s         766
         -6.31050000          6.09700000         -1.75644000
O         767
         -6.31050000         10.78700000         -1.75644000
O_s         768
         -6.31050000         10.78700000         -1.75644000
O         769
        -12.32050000          1.40700000         -1.75644000
O_s         770
        -12.32050000          1.40700000         -1.75644000
O         771
        -12.32050000          6.09700000         -1.75644000
O_s         772
        -12.32050000          6.09700000         -1.75644000
O         773
        -12.32050000         10.78700000         -1.75644000
O_s         774
        -12.32050000         10.78700000         -1.75644000
O         775
         -0.30050000          1.40700000        -12.08844000
O_s         776
         -0.30050000          1.40700000        -12.08844000
O         777
         -0.30050000          6.09700000        -12.08844000
O_s         778
         -0.30050000          6.09700000        -12.08844000
O         779
         -0.30050000         10.78700000        -12.08844000
O_s         780
         -0.30050000         10.78700000        -12.08844000
O         781
         -6.31050000          1.40700000        -12.08844000
O_s         782
         -6.31050000          1.40700000        -12.08844000
O         783
         -6.31050000          6.09700000        -12.08844000
O_s         784
         -6.31050000          6.09700000        -12.08844000
O         785
         -6.31050000         10.78700000        -12.08844000
O_s         786
         -6.31050000         10.78700000        -12.08844000
O         787
        -12.32050000          1.40700000        -12.08844000
O_s         788
        -12.32050000          1.40700000        -12.08844000
O         789
        -12.32050000          6.09700000        -12.08844000
O_s         790
        -12.32050000          6.09700000        -12.08844000
O         791
        -12.32050000         10.78700000        -12.08844000
O_s         792
        -12.32050000         10.78700000        -12.08844000
O         793
         -0.30050000          1.40700000        -22.42044000
O_s         794
         -0.30050000          1.40700000        -22.42044000
O         795
         -0.30050000          6.09700000        -22.42044000
O_s         796
         -0.30050000          6.09700000        -22.42044000
O         797
         -0.30050000         10.78700000        -22.42044000
O_s         798
         -0.30050000         10.78700000        -22.42044000
O         799
         -6.31050000          1.40700000        -22.42044000
O_s         800
         -6.31050000          1.40700000        -22.42044000
O         801
         -6.31050000          6.09700000        -22.42044000
O_s         802
         -6.31050000          6.09700000        -22.42044000
O         803
         -6.31050000         10.78700000        -22.42044000
O_s         804
         -6.31050000         10.78700000        -22.42044000
O         805
        -12.32050000          1.40700000        -22.42044000
O_s         806
        -12.32050000          1.40700000        -22.42044000
O         807
        -12.32050000          6.09700000        -22.42044000
O_s         808
        -12.32050000          6.09700000        -22.42044000
O         809
        -12.32050000         10.78700000        -22.42044000
O_s         810
        -12.32050000         10.78700000        -22.42044000
O         811
         -5.70950000          3.75200000         -3.40956000
O_s         812
         -5.70950000          3.75200000         -3.40956000
O         813
         -5.70950000          8.44200000         -3.40956000
O_s         814
         -5.70950000          8.44200000         -3.40956000
O         815
         -5.70950000         13.13200000         -3.40956000
O_s         816
         -5.70950000         13.13200000         -3.40956000
O         817
        -11.71950000          3.75200000         -3.40956000
O_s         818
        -11.71950000          3.75200000         -3.40956000
O         819
        -11.71950000          8.44200000         -3.40956000
O_s         820
        -11.71950000          8.44200000         -3.40956000
O         821
        -11.71950000         13.13200000         -3.40956000
O_s         822
        -11.71950000         13.13200000         -3.40956000
O         823
        -17.72950000          3.75200000         -3.40956000
O_s         824
        -17.72950000          3.75200000         -3.40956000
O         825
        -17.72950000          8.44200000         -3.40956000
O_s         826
        -17.72950000          8.44200000         -3.40956000
O         827
        -17.72950000         13.13200000         -3.40956000
O_s         828
        -17.72950000         13.13200000         -3.40956000
O         829
         -5.70950000          3.75200000        -13.74156000
O_s         830
         -5.70950000          3.75200000        -13.74156000
O         831
         -5.70950000          8.44200000        -13.74156000
O_s         832
         -5.70950000          8.44200000        -13.74156000
O         833
         -5.70950000         13.13200000        -13.74156000
O_s         834
         -5.70950000         13.13200000        -13.74156000
O         835
        -11.71950000          3.75200000        -13.74156000
O_s         836
        -11.71950000          3.75200000        -13.74156000
O         837
        -11.71950000          8.44200000        -13.74156000
O_s         838
        -11.71950000          8.44200000        -13.74156000
O         839
        -11.71950000         13.13200000        -13.74156000
O_s         840
        -11.71950000         13.13200000        -13.74156000
O         841
        -17.72950000          3.75200000        -13.74156000
O_s         842
        -17.72950000          3.75200000        -13.74156000
O         843
        -17.72950000          8.44200000        -13.74156000
O_s         844
        -17.72950000          8.44200000        -13.74156000
O         845
        -17.72950000         13.13200000        -13.74156000
O_s         846
        -17.72950000         13.13200000        -13.74156000
O         847
         -5.70950000          3.75200000        -24.07356000
O_s         848
         -5.70950000          3.75200000        -24.07356000
O         849
         -5.70950000          8.44200000        -24.07356000
O_s         850
         -5.70950000          8.44200000        -24.07356000
O         851
         -5.70950000         13.13200000        -24.07356000
O_s         852
         -5.70950000         13.13200000        -24.07356000
O         853
        -11.71950000          3.75200000        -24.07356000
O_s         854
        -11.71950000          3.75200000        -24.07356000
O         855
        -11.71950000          8.44200000        -24.07356000
O_s         856
        -11.71950000          8.44200000        -24.07356000
O         857
        -11.71950000         13.13200000        -24.07356000
O_s         858
        -11.71950000         13.13200000        -24.07356000
O         859
        -17.72950000          3.75200000        -24.07356000
O_s         860
        -17.72950000          3.75200000        -24.07356000
O         861
        -17.72950000          8.44200000        -24.07356000
O_s         862
        -17.72950000          8.44200000        -24.07356000
O         863
        -17.72950000         13.13200000        -24.07356000
O_s         864
        -17.72950000         13.13200000        -24.07356000
O         865
         -3.30550000          3.28300000         -8.57556000
O_s         866
         -3.30550000          3.28300000         -8.57556000
O         867
         -3.30550000          7.97300000         -8.57556000
O_s         868
         -3.30550000          7.97300000         -8.57556000
O         869
         -3.30550000         12.66300000         -8.57556000
O_s         870
         -3.30550000         12.66300000         -8.57556000
O         871
         -9.31550000          3.28300000         -8.57556000
O_s         872
         -9.31550000          3.28300000         -8.57556000
O         873
         -9.31550000          7.97300000         -8.57556000
O_s         874
         -9.31550000          7.97300000         -8.57556000
O         875
         -9.31550000         12.66300000         -8.57556000
O_s         876
         -9.31550000         12.66300000         -8.57556000
O         877
        -15.32550000          3.28300000         -8.57556000
O_s         878
        -15.32550000          3.28300000         -8.57556000
O         879
        -15.32550000          7.97300000         -8.57556000
O_s         880
        -15.32550000          7.97300000         -8.57556000
O         881
        -15.32550000         12.66300000         -8.57556000
O_s         882
        -15.32550000         12.66300000         -8.57556000
O         883
         -3.30550000          3.28300000        -18.90756000
O_s         884
         -3.30550000          3.28300000        -18.90756000
O         885
         -3.30550000          7.97300000        -18.90756000
O_s         886
         -3.30550000          7.97300000        -18.90756000
O         887
         -3.30550000         12.66300000        -18.90756000
O_s         888
         -3.30550000         12.66300000        -18.90756000
O         889
         -9.31550000          3.28300000        -18.90756000
O_s         890
         -9.31550000          3.28300000        -18.90756000
O         891
         -9.31550000          7.97300000        -18.90756000
O_s         892
         -9.31550000          7.97300000        -18.90756000
O         893
         -9.31550000         12.66300000        -18.90756000
O_s         894
         -9.31550000         12.66300000        -18.90756000
O         895
        -15.32550000          3.28300000        -18.90756000
O_s         896
        -15.32550000          3.28300000        -18.90756000
O         897
        -15.32550000          7.97300000        -18.90756000
O_s         898
        -15.32550000          7.97300000        -18.90756000
O         899
        -15.32550000         12.66300000        -18.90756000
O_s         900
        -15.32550000         12.66300000        -18.90756000
O         901
         -3.30550000          3.28300000        -29.23956000
O_s         902
         -3.30550000          3.28300000        -29.23956000
O         903
         -3.30550000          7.97300000        -29.23956000
O_s         904
         -3.30550000          7.97300000        -29.23956000
O         905
         -3.30550000         12.66300000        -29.23956000
O_s         906
         -3.30550000         12.66300000        -29.23956000
O         907
         -9.31550000          3.28300000        -29.23956000
O_s         908
         -9.31550000          3.28300000        -29.23956000
O         909
         -9.31550000          7.97300000        -29.23956000
O_s         910
         -9.31550000          7.97300000        -29.23956000
O         911
         -9.31550000         12.66300000        -29.23956000
O_s         912
         -9.31550000         12.66300000        -29.23956000
O         913
        -15.32550000          3.28300000        -29.23956000
O_s         914
        -15.32550000          3.28300000        -29.23956000
O         915
        -15.32550000          7.97300000        -29.23956000
O_s         916
        -15.32550000          7.97300000        -29.23956000
O         917
        -15.32550000         12.66300000        -29.23956000
O_s         918
        -15.32550000         12.66300000        -29.23956000
O         919
         -2.70450000          0.93800000         -6.92244000
O_s         920
         -2.70450000          0.93800000         -6.92244000
O         921
         -2.70450000          5.62800000         -6.92244000
O_s         922
         -2.70450000          5.62800000         -6.92244000
O         923
         -2.70450000         10.31800000         -6.92244000
O_s         924
         -2.70450000         10.31800000         -6.92244000
O         925
         -8.71450000          0.93800000         -6.92244000
O_s         926
         -8.71450000          0.93800000         -6.92244000
O         927
         -8.71450000          5.62800000         -6.92244000
O_s         928
         -8.71450000          5.62800000         -6.92244000
O         929
         -8.71450000         10.31800000         -6.92244000
O_s         930
         -8.71450000         10.31800000         -6.92244000
O         931
        -14.72450000          0.93800000         -6.92244000
O_s         932
        -14.72450000          0.93800000         -6.92244000
O         933
        -14.72450000          5.62800000         -6.92244000
O_s         934
        -14.72450000          5.62800000         -6.92244000
O         935
        -14.72450000         10.31800000         -6.92244000
O_s         936
        -14.72450000         10.31800000         -6.92244000
O         937
         -2.70450000          0.93800000        -17.25444000
O_s         938
         -2.70450000          0.93800000        -17.25444000
O         939
         -2.70450000          5.62800000        -17.25444000
O_s         940
         -2.70450000          5.62800000        -17.25444000
O         941
         -2.70450000         10.31800000        -17.25444000
O_s         942
         -2.70450000         10.31800000        -17.25444000
O         943
         -8.71450000          0.93800000        -17.25444000
O_s         944
         -8.71450000          0.93800000        -17.25444000
O         945
         -8.71450000          5.62800000        -17.25444000
O_s         946
         -8.71450000          5.62800000        -17.25444000
O         947
         -8.71450000         10.31800000        -17.25444000
O_s         948
         -8.71450000         10.31800000        -17.25444000
O         949
        -14.72450000          0.93800000        -17.25444000
O_s         950
        -14.72450000          0.93800000        -17.25444000
O         951
        -14.72450000          5.62800000        -17.25444000
O_s         952
        -14.72450000          5.62800000        -17.25444000
O         953
        -14.72450000         10.31800000        -17.25444000
O_s         954
        -14.72450000         10.31800000        -17.25444000
O         955
         -2.70450000          0.93800000        -27.58644000
O_s         956
         -2.70450000          0.93800000        -27.58644000
O         957
         -2.70450000          5.62800000        -27.58644000
O_s         958
         -2.70450000          5.62800000        -27.58644000
O         959
         -2.70450000         10.31800000        -27.58644000
O_s         960
         -2.70450000         10.31800000        -27.58644000
O         961
         -8.71450000          0.93800000        -27.58644000
O_s         962
         -8.71450000          0.93800000        -27.58644000
O         963
         -8.71450000          5.62800000        -27.58644000
O_s         964
         -8.71450000          5.62800000        -27.58644000
O         965
         -8.71450000         10.31800000        -27.58644000
O_s         966
         -8.71450000         10.31800000        -27.58644000
O         967
        -14.72450000          0.93800000        -27.58644000
O_s         968
        -14.72450000          0.93800000        -27.58644000
O         969
        -14.72450000          5.62800000        -27.58644000
O_s         970
        -14.72450000          5.62800000        -27.58644000
O         971
        -14.72450000         10.31800000        -27.58644000
O_s         972
        -14.72450000         10.31800000        -27.58644000
O         973
         -5.70950000          3.28300000         -8.57556000
O_s         974
         -5.70950000          3.28300000         -8.57556000
O         975
         -5.70950000          7.97300000         -8.57556000
O_s         976
         -5.70950000          7.97300000         -8.57556000
O         977
         -5.70950000         12.66300000         -8.57556000
O_s         978
         -5.70950000         12.66300000         -8.57556000
O         979
        -11.71950000          3.28300000         -8.57556000
O_s         980
        -11.71950000          3.28300000         -8.57556000
O         981
        -11.71950000          7.97300000         -8.57556000
O_s         982
        -11.71950000          7.97300000         -8.57556000
O         983
        -11.71950000         12.66300000         -8.57556000
O_s         984
        -11.71950000         12.66300000         -8.57556000
O         985
        -17.72950000          3.28300000         -8.57556000
O_s         986
        -17.72950000          3.28300000         -8.57556000
O         987
        -17.72950000          7.97300000         -8.57556000
O_s         988
        -17.72950000          7.97300000         -8.57556000
O         989
        -17.72950000         12.66300000         -8.57556000
O_s         990
        -17.72950000         12.66300000         -8.57556000
O         991
         -5.70950000          3.28300000        -18.90756000
O_s         992
         -5.70950000          3.28300000        -18.90756000
O         993
         -5.70950000          7.97300000        -18.90756000
O_s         994
         -5.70950000          7.97300000        -18.90756000
O         995
         -5.70950000         12.66300000        -18.90756000
O_s         996
         -5.70950000         12.66300000        -18.90756000
O         997
        -11.71950000          3.28300000        -18.90756000
O_s         998
        -11.71950000          3.28300000        -18.90756000
O         999
        -11.71950000          7.97300000        -18.90756000
O_s        1000
        -11.71950000          7.97300000        -18.90756000
O        1001
        -11.71950000         12.66300000        -18.90756000
O_s        1002
        -11.71950000         12.66300000        -18.90756000
O        1003
        -17.72950000          3.28300000        -18.90756000
O_s        1004
        -17.72950000          3.28300000        -18.90756000
O        1005
        -17.72950000          7.97300000        -18.90756000
O_s        1006
        -17.72950000          7.97300000        -18.90756000
O        1007
        -17.72950000         12.66300000        -18.90756000
O_s        1008
        -17.72950000         12.66300000        -18.90756000
O        1009
         -5.70950000          3.28300000        -29.23956000
O_s        1010
         -5.70950000          3.28300000        -29.23956000
O        1011
         -5.70950000          7.97300000        -29.23956000
O_s        1012
         -5.70950000          7.97300000        -29.23956000
O        1013
         -5.70950000         12.66300000        -29.23956000
O_s        1014
         -5.70950000         12.66300000        -29.23956000
O        1015
        -11.71950000          3.28300000        -29.23956000
O_s        1016
        -11.71950000          3.28300000        -29.23956000
O        1017
        -11.71950000          7.97300000        -29.23956000
O_s        1018
        -11.71950000          7.97300000        -29.23956000
O        1019
        -11.71950000         12.66300000        -29.23956000
O_s        1020
        -11.71950000         12.66300000        -29.23956000
O        1021
        -17.72950000          3.28300000        -29.23956000
O_s        1022
        -17.72950000          3.28300000        -29.23956000
O        1023
        -17.72950000          7.97300000        -29.23956000
O_s        1024
        -17.72950000          7.97300000        -29.23956000
O        1025
        -17.72950000         12.66300000        -29.23956000
O_s        1026
        -17.72950000         12.66300000        -29.23956000
O        1027
         -0.30050000          0.93800000         -6.92244000
O_s        1028
         -0.30050000          0.93800000         -6.92244000
O        1029
         -0.30050000          5.62800000         -6.92244000
O_s        1030
         -0.30050000          5.62800000         -6.92244000
O        1031
         -0.30050000         10.31800000         -6.92244000
O_s        1032
         -0.30050000         10.31800000         -6.92244000
O        1033
         -6.31050000          0.93800000         -6.92244000
O_s        1034
         -6.31050000          0.93800000         -6.92244000
O        1035
         -6.31050000          5.62800000         -6.92244000
O_s        1036
         -6.31050000          5.62800000         -6.92244000
O        1037
         -6.31050000         10.31800000         -6.92244000
O_s        1038
         -6.31050000         10.31800000         -6.92244000
O        1039
        -12.32050000          0.93800000         -6.92244000
O_s        1040
        -12.32050000          0.93800000         -6.92244000
O        1041
        -12.32050000          5.62800000         -6.92244000
O_s        1042
        -12.32050000          5.62800000         -6.92244000
O        1043
        -12.32050000         10.31800000         -6.92244000
O_s        1044
        -12.32050000         10.31800000         -6.92244000
O        1045
         -0.30050000          0.93800000        -17.25444000
O_s        1046
         -0.30050000          0.93800000        -17.25444000
O        1047
         -0.30050000          5.62800000        -17.25444000
O_s        1048
         -0.30050000          5.62800000        -17.25444000
O        1049
         -0.30050000         10.31800000        -17.25444000
O_s        1050
         -0.30050000         10.31800000        -17.25444000
O        1051
         -6.31050000          0.93800000        -17.25444000
O_s        1052
         -6.31050000          0.93800000        -17.25444000
O        1053
         -6.31050000          5.62800000        -17.25444000
O_s        1054
         -6.31050000          5.62800000        -17.25444000
O        1055
         -6.31050000         10.31800000        -17.25444000
O_s        1056
         -6.31050000         10.31800000        -17.25444000
O        1057
        -12.32050000          0.93800000        -17.25444000
O_s        1058
        -12.32050000          0.93800000        -17.25444000
O        1059
        -12.32050000          5.62800000        -17.25444000
O_s        1060
        -12.32050000          5.62800000        -17.25444000
O        1061
        -12.32050000         10.31800000        -17.25444000
O_s        1062
        -12.32050000         10.31800000        -17.25444000
O        1063
         -0.30050000          0.93800000        -27.58644000
O_s        1064
         -0.30050000          0.93800000        -27.58644000
O        1065
         -0.30050000          5.62800000        -27.58644000
O_s        1066
         -0.30050000          5.62800000        -27.58644000
O        1067
         -0.30050000         10.31800000        -27.58644000
O_s        1068
         -0.30050000         10.31800000        -27.58644000
O        1069
         -6.31050000          0.93800000        -27.58644000
O_s        1070
         -6.31050000          0.93800000        -27.58644000
O        1071
         -6.31050000          5.62800000        -27.58644000
O_s        1072
         -6.31050000          5.62800000        -27.58644000
O        1073
         -6.31050000         10.31800000        -27.58644000
O_s        1074
         -6.31050000         10.31800000        -27.58644000
O        1075
        -12.32050000          0.93800000        -27.58644000
O_s        1076
        -12.32050000          0.93800000        -27.58644000
O        1077
        -12.32050000          5.62800000        -27.58644000
O_s        1078
        -12.32050000          5.62800000        -27.58644000
O        1079
        -12.32050000         10.31800000        -27.58644000
O_s        1080
        -12.32050000         10.31800000        -27.58644000
O        1081
         -2.70450000          1.40700000         -1.75644000
O_s        1082
         -2.70450000          1.40700000         -1.75644000
O        1083
         -2.70450000          6.09700000         -1.75644000
O_s        1084
         -2.70450000          6.09700000         -1.75644000
O        1085
         -2.70450000         10.78700000         -1.75644000
O_s        1086
         -2.70450000         10.78700000         -1.75644000
O        1087
         -8.71450000          1.40700000         -1.75644000
O_s        1088
         -8.71450000          1.40700000         -1.75644000
O        1089
         -8.71450000          6.09700000         -1.75644000
O_s        1090
         -8.71450000          6.09700000         -1.75644000
O        1091
         -8.71450000         10.78700000         -1.75644000
O_s        1092
         -8.71450000         10.78700000         -1.75644000
O        1093
        -14.72450000          1.40700000         -1.75644000
O_s        1094
        -14.72450000          1.40700000         -1.75644000
O        1095
        -14.72450000          6.09700000         -1.75644000
O_s        1096
        -14.72450000          6.09700000         -1.75644000
O        1097
        -14.72450000         10.78700000         -1.75644000
O_s        1098
        -14.72450000         10.78700000         -1.75644000
O        1099
         -2.70450000          1.40700000        -12.08844000
O_s        1100
         -2.70450000          1.40700000        -12.08844000
O        1101
         -2.70450000          6.09700000        -12.08844000
O_s        1102
         -2.70450000          6.09700000        -12.08844000
O        1103
         -2.70450000         10.78700000        -12.08844000
O_s        1104
         -2.70450000         10.78700000        -12.08844000
O        1105
         -8.71450000          1.40700000        -12.08844000
O_s        1106
         -8.71450000          1.40700000        -12.08844000
O        1107
         -8.71450000          6.09700000        -12.08844000
O_s        1108
         -8.71450000          6.09700000        -12.08844000
O        1109
         -8.71450000         10.78700000        -12.08844000
O_s        1110
         -8.71450000         10.78700000        -12.08844000
O        1111
        -14.72450000          1.40700000        -12.08844000
O_s        1112
        -14.72450000          1.40700000        -12.08844000
O        1113
        -14.72450000          6.09700000        -12.08844000
O_s        1114
        -14.72450000          6.09700000        -12.08844000
O        1115
        -14.72450000         10.78700000        -12.08844000
O_s        1116
        -14.72450000         10.78700000        -12.08844000
O        1117
         -2.70450000          1.40700000        -22.42044000
O_s        1118
         -2.70450000          1.40700000        -22.42044000
O        1119
         -2.70450000          6.09700000        -22.42044000
O_s        1120
         -2.70450000          6.09700000        -22.42044000
O        1121
         -2.70450000         10.78700000        -22.42044000
O_s        1122
         -2.70450000         10.78700000        -22.42044000
O        1123
         -8.71450000          1.40700000        -22.42044000
O_s        1124
         -8.71450000          1.40700000        -22.42044000
O        1125
         -8.71450000          6.09700000        -22.42044000
O_s        1126
         -8.71450000          6.09700000        -22.42044000
O        1127
         -8.71450000         10.78700000        -22.42044000
O_s        1128
         -8.71450000         10.78700000        -22.42044000
O        1129
        -14.72450000          1.40700000        -22.42044000
O_s        1130
        -14.72450000          1.40700000        -22.42044000
O        1131
        -14.72450000          6.09700000        -22.42044000
O_s        1132
        -14.72450000          6.09700000        -22.42044000
O        1133
        -14.72450000         10.78700000        -22.42044000
O_s        1134
        -14.72450000         10.78700000        -22.42044000
O        1135
         -3.30550000          3.75200000         -3.40956000
O_s        1136
         -3.30550000          3.75200000         -3.40956000
O        1137
         -3.30550000          8.44200000         -3.40956000
O_s        1138
         -3.30550000          8.44200000         -3.40956000
O        1139
         -3.30550000         13.13200000         -3.40956000
O_s        1140
         -3.30550000         13.13200000         -3.40956000
O        1141
         -9.31550000          3.75200000         -3.40956000
O_s        1142
         -9.31550000          3.75200000         -3.40956000
O        1143
         -9.31550000          8.44200000         -3.40956000
O_s        1144
         -9.31550000          8.44200000         -3.40956000
O        1145
         -9.31550000         13.13200000         -3.40956000
O_s        1146
         -9.31550000         13.13200000         -3.40956000
O        1147
        -15.32550000          3.75200000         -3.40956000
O_s        1148
        -15.32550000          3.75200000         -3.40956000
O        1149
        -15.32550000          8.44200000         -3.40956000
O_s        1150
        -15.32550000          8.44200000         -3.40956000
O        1151
        -15.32550000         13.13200000         -3.40956000
O_s        1152
        -15.32550000         13.13200000         -3.40956000
O        1153
         -3.30550000          3.75200000        -13.74156000
O_s        1154
         -3.30550000          3.75200000        -13.74156000
O        1155
         -3.30550000          8.44200000        -13.74156000
O_s        1156
         -3.30550000          8.44200000        -13.74156000
O        1157
         -3.30550000         13.13200000        -13.74156000
O_s        1158
         -3.30550000         13.13200000        -13.74156000
O        1159
         -9.31550000          3.75200000        -13.74156000
O_s        1160
         -9.31550000          3.75200000        -13.74156000
O        1161
         -9.31550000          8.44200000        -13.74156000
O_s        1162
         -9.31550000          8.44200000        -13.74156000
O        1163
         -9.31550000         13.13200000        -13.74156000
O_s        1164
         -9.31550000         13.13200000        -13.74156000
O        1165
        -15.32550000          3.75200000        -13.74156000
O_s        1166
        -15.32550000          3.75200000        -13.74156000
O        1167
        -15.32550000          8.44200000        -13.74156000
O_s        1168
        -15.32550000          8.44200000        -13.74156000
O        1169
        -15.32550000         13.13200000        -13.74156000
O_s        1170
        -15.32550000         13.13200000        -13.74156000
O        1171
         -3.30550000          3.75200000        -24.07356000
O_s        1172
         -3.30550000          3.75200000        -24.07356000
O        1173
         -3.30550000          8.44200000        -24.07356000
O_s        1174
         -3.30550000          8.44200000        -24.07356000
O        1175
         -3.30550000         13.13200000        -24.07356000
O_s        1176
         -3.30550000         13.13200000        -24.07356000
O        1177
         -9.31550000          3.75200000        -24.07356000
O_s        1178
         -9.31550000          3.75200000        -24.07356000
O        1179
         -9.31550000          8.44200000        -24.07356000
O_s        1180
         -9.31550000          8.44200000        -24.07356000
O        1181
         -9.31550000         13.13200000        -24.07356000
O_s        1182
         -9.31550000         13.13200000        -24.07356000
O        1183
        -15.32550000          3.75200000        -24.07356000
O_s        1184
        -15.32550000          3.75200000        -24.07356000
O        1185
        -15.32550000          8.44200000        -24.07356000
O_s        1186
        -15.32550000          8.44200000        -24.07356000
O        1187
        -15.32550000         13.13200000        -24.07356000
O_s        1188
        -15.32550000         13.13200000        -24.07356000
