P        1189
         -1.50250000          2.01670000         -0.92988000
P        1190
         -1.50250000          6.70670000         -0.92988000
P        1191
         -1.50250000         11.39670000         -0.92988000
P        1192
         -7.51250000          2.01670000         -0.92988000
P        1193
         -7.51250000          6.70670000         -0.92988000
P        1194
         -7.51250000         11.39670000         -0.92988000
P        1195
        -13.52250000          2.01670000         -0.92988000
P        1196
        -13.52250000          6.70670000         -0.92988000
P        1197
        -13.52250000         11.39670000         -0.92988000
P        1198
         -1.50250000          2.01670000        -11.26188000
P        1199
         -1.50250000          6.70670000        -11.26188000
P        1200
         -1.50250000         11.39670000        -11.26188000
P        1201
         -7.51250000          2.01670000        -11.26188000
P        1202
         -7.51250000          6.70670000        -11.26188000
P        1203
         -7.51250000         11.39670000        -11.26188000
P        1204
        -13.52250000          2.01670000        -11.26188000
P        1205
        -13.52250000          6.70670000        -11.26188000
P        1206
        -13.52250000         11.39670000        -11.26188000
P        1207
         -1.50250000          2.01670000        -21.59388000
P        1208
         -1.50250000          6.70670000        -21.59388000
P        1209
         -1.50250000         11.39670000        -21.59388000
P        1210
         -7.51250000          2.01670000        -21.59388000
P        1211
         -7.51250000          6.70670000        -21.59388000
P        1212
         -7.51250000         11.39670000        -21.59388000
P        1213
        -13.52250000          2.01670000        -21.59388000
P        1214
        -13.52250000          6.70670000        -21.59388000
P        1215
        -13.52250000         11.39670000        -21.59388000
P        1216
         -4.50750000          4.36170000         -4.23612000
P        1217
         -4.50750000          9.05170000         -4.23612000
P        1218
         -4.50750000         13.74170000         -4.23612000
P        1219
        -10.51750000          4.36170000         -4.23612000
P        1220
        -10.51750000          9.05170000         -4.23612000
P        1221
        -10.51750000         13.74170000         -4.23612000
P        1222
        -16.52750000          4.36170000         -4.23612000
P        1223
        -16.52750000          9.05170000         -4.23612000
P        1224
        -16.52750000         13.74170000         -4.23612000
P        1225
         -4.50750000          4.36170000        -14.56812000
P        1226
         -4.50750000          9.05170000        -14.56812000
P        1227
         -4.50750000         13.74170000        -14.56812000
P        1228
        -10.51750000          4.36170000        -14.56812000
P        1229
        -10.51750000          9.05170000        -14.56812000
P        1230
        -10.51750000         13.74170000        -14.56812000
P        1231
        -16.52750000          4.36170000        -14.56812000
P        1232
        -16.52750000          9.05170000        -14.56812000
P        1233
        -16.52750000         13.74170000        -14.56812000
P        1234
         -4.50750000          4.36170000        -24.90012000
P        1235
         -4.50750000          9.05170000        -24.90012000
P        1236
         -4.50750000         13.74170000        -24.90012000
P        1237
        -10.51750000          4.36170000        -24.90012000
P        1238
        -10.51750000          9.05170000        -24.90012000
P        1239
        -10.51750000         13.74170000        -24.90012000
P        1240
        -16.52750000          4.36170000        -24.90012000
P        1241
        -16.52750000          9.05170000        -24.90012000
P        1242
        -16.52750000         13.74170000        -24.90012000
P        1243
         -4.50750000          2.67330000         -9.40212000
P        1244
         -4.50750000          7.36330000         -9.40212000
P        1245
         -4.50750000         12.05330000         -9.40212000
P        1246
        -10.51750000          2.67330000         -9.40212000
P        1247
        -10.51750000          7.36330000         -9.40212000
P        1248
        -10.51750000         12.05330000         -9.40212000
P        1249
        -16.52750000          2.67330000         -9.40212000
P        1250
        -16.52750000          7.36330000         -9.40212000
P        1251
        -16.52750000         12.05330000         -9.40212000
P        1252
         -4.50750000          2.67330000        -19.73412000
P        1253
         -4.50750000          7.36330000        -19.73412000
P        1254
         -4.50750000         12.05330000        -19.73412000
P        1255
        -10.51750000          2.67330000        -19.73412000
P        1256
        -10.51750000          7.36330000        -19.73412000
P        1257
        -10.51750000         12.05330000        -19.73412000
P        1258
        -16.52750000          2.67330000        -19.73412000
P        1259
        -16.52750000          7.36330000        -19.73412000
P        1260
        -16.52750000         12.05330000        -19.73412000
P        1261
         -4.50750000          2.67330000        -30.06612000
P        1262
         -4.50750000          7.36330000        -30.06612000
P        1263
         -4.50750000         12.05330000        -30.06612000
P        1264
        -10.51750000          2.67330000        -30.06612000
P        1265
        -10.51750000          7.36330000        -30.06612000
P        1266
        -10.51750000         12.05330000        -30.06612000
P        1267
        -16.52750000          2.67330000        -30.06612000
P        1268
        -16.52750000          7.36330000        -30.06612000
P        1269
        -16.52750000         12.05330000        -30.06612000
P        1270
         -1.50250000          0.32830000         -6.09588000
P        1271
         -1.50250000          5.01830000         -6.09588000
P        1272
         -1.50250000          9.70830000         -6.09588000
P        1273
         -7.51250000          0.32830000         -6.09588000
P        1274
         -7.51250000          5.01830000         -6.09588000
P        1275
         -7.51250000          9.70830000         -6.09588000
P        1276
        -13.52250000          0.32830000         -6.09588000
P        1277
        -13.52250000          5.01830000         -6.09588000
P        1278
        -13.52250000          9.70830000         -6.09588000
P        1279
         -1.50250000          0.32830000        -16.42788000
P        1280
         -1.50250000          5.01830000        -16.42788000
P        1281
         -1.50250000          9.70830000        -16.42788000
P        1282
         -7.51250000          0.32830000        -16.42788000
P        1283
         -7.51250000          5.01830000        -16.42788000
P        1284
         -7.51250000          9.70830000        -16.42788000
P        1285
        -13.52250000          0.32830000        -16.42788000
P        1286
        -13.52250000          5.01830000        -16.42788000
P        1287
        -13.52250000          9.70830000        -16.42788000
P        1288
         -1.50250000          0.32830000        -26.75988000
P        1289
         -1.50250000          5.01830000        -26.75988000
P        1290
         -1.50250000          9.70830000        -26.75988000
P        1291
         -7.51250000          0.32830000        -26.75988000
P        1292
         -7.51250000          5.01830000        -26.75988000
P        1293
         -7.51250000          9.70830000        -26.75988000
P        1294
        -13.52250000          0.32830000        -26.75988000
P        1295
        -13.52250000          5.01830000        -26.75988000
P        1296
        -13.52250000          9.70830000        -26.75988000
